int wedge___5[16] = {5,6,7,8,9,  9, 9,10,10,11, 12,13,14,15,18, 18};

int wedge_111[16] = {5,6,7,8,8,  8, 9, 9, 9, 9, 10,12,12,13,15, 15};

int wedge_344[16] = {5,6,7,9,9,  9,10,11,11,12, 12,13,14,15,16, 16};

int wedge_377[16] = {5,6,7,8,8,  9, 9,10,10,11, 12,13,14,15,18, 18};

int wedge_409[16] = {5,6,7,8,8,  9, 9,10,10,11, 12,13,14,15,16, 16};

int wedge_467[16] = {5,6,7,8,8,  9, 9, 9,10,11, 12,13,14,15,18, 18};

int wedge_486[16] = {5,7,6,8,9, 11,10,10,13,12, 14,15,15,18,16, 16};

int wedge_526[16] = {5,6,7,8,9,  9,10,10,11,12, 13,14,15,17,18, 18};

int wedge_562[16] = {5,6,7,8,9,  9, 9,10,11,12, 13,14,15,17,18, 18};

int wedge_607[16] = {5,6,7,8,9,  9, 9, 9,10,11, 12,13,14,15,18, 18};

int wedge1329[16] = {4,5,7,8,9,  9, 9, 9,10,10, 11,12,12,13,15, 15};

int wedge1331[16] = {4,5,7,8,8,  9, 9, 9, 9,10, 11,12,12,13,15, 15};

int wedge1406[16] = {4,5,6,7,8,  8, 9, 9, 9, 9, 10,10,11,12,13, 15};

int wedgetpwr[16] = {9,9,9,9,9,  9, 9, 9, 9, 9,  9, 9, 9, 9, 9,  9};



int wedge__96[16] = {5,6,7,8,9,  9,10,10,11,12, 13,14,15,16,18, 18};

int wedge_334[16] = {5,6,7,8,9,  9,10,10,11,11, 13,14,15,16,18, 18};

int wedge_536[16] = {5,6,7,8,9,  9,10,10,11,12, 13,14,15,17,18, 18};

int wedge_611[16] = {6,6,7,9,9, 10,11,11,12,12, 13,14,15,16,18, 18};

int wedge_674[16] = {5,6,7,8,8,  9, 9, 9,10,10, 11,12,13,14,15, 18};

int wedge_724[16] = {5,6,7,8,8,  9, 9,10,10,11, 13,14,15,16,18, 18};

int wedge_990[16] = {5,5,6,7,8,  9, 9, 9, 9,10, 10,11,13,14,18, 18};

int wedge1063[16] = {5,6,8,9,9,  9, 9,10,12,12, 13,14,15,15,18, 18};
